   2.00256949092216      -2.259652701834653E-002  8.864922320821867E-023
 -2.018320694629388E-022 -2.316105715148477E-023 -3.835606536501028E-022
  2.646977960169689E-022  2.646977960169689E-023 -3.186762213455641E-002
  5.001729553536644E-019  2.237040588409320E-018 -4.830205381717648E-018
 -5.927960081359221E-018  7.247719163220620E-002 -1.103683930272353E-018
 -5.617125886921896E-018  1.204777312527154E-017  1.409971043999508E-017
  0.802116798073369      -1.402806958209045E-021  1.694065894508601E-021
  1.058791184067875E-022 -2.204799359049672E-022  6.458626222814040E-021
  1.058791184067875E-021 -0.176055159447985       2.492817963769406E-018
  1.940294558894952E-017 -3.884831909287123E-017 -3.899316172685172E-017
 -0.172830625770713       2.337387417948242E-018  1.948175144154926E-017
 -3.884872523855199E-017 -3.860417259917314E-017   2.00389925592042     
 -3.630484572985940E-015  9.790245668011239E-016 -5.709524952313161E-002
  8.563467102085124E-017 -1.903942128851459E-017  5.124623904045664E-020
  2.129934750957809E-021  4.588613330916169E-020 -4.600786152501505E-020
 -4.016402379780184E-020 -9.748826418938460E-020 -7.000534081219454E-021
 -8.334048520724418E-020  8.822135027831658E-020  7.801808533511620E-020
   2.00310240338647      -3.594347042223944E-015  8.563454144678332E-017
 -8.868521002294774E-002  8.023096076392733E-017  2.325319388851431E-021
  1.376428539288238E-021  4.577280666658788E-021 -1.048203272227197E-020
 -6.617444900424221E-021 -4.443997004112875E-021 -4.235164736271502E-021
 -6.985614980371324E-022  1.545835128739098E-020  8.046812998915853E-021
   2.00310240338647      -1.903935761888754E-017  8.023096076392733E-017
 -8.868521002294781E-002 -2.698231514894171E-020 -1.191140082076360E-021
 -3.162793213467426E-020  4.086933970501999E-020  2.879912020664621E-020
  4.355580064477679E-020  7.411538288475128E-022  5.220340362187039E-020
 -7.220955875342910E-020 -4.997494388800372E-020  0.124020336832769     
 -2.140534318309504E-016  5.899359531214646E-017  9.722890844667115E-020
  3.555451806265050E-021  6.848174261924169E-020 -1.212609211270551E-019
 -7.362070589657601E-020 -1.826068920931941E-019 -9.401588195370547E-021
 -1.397781771775905E-019  2.453260872147625E-019  1.413319217673783E-019
  0.119014536361676      -2.185751579730777E-016  2.004187583078395E-020
  1.079967007749233E-020  2.090821348762616E-020 -1.397604362969596E-020
 -2.075230720773036E-020 -2.592639123280327E-020 -3.811648262644352E-021
 -2.007034674898830E-020  2.202285662861181E-020  2.117582368135751E-020
  0.119014536361676      -1.946840905994252E-020  4.235164736271502E-021
 -4.873021483005551E-020  3.197549375884984E-020  2.795208725939191E-020
  5.540534788823454E-020 -8.682087709356578E-021  8.905726505134653E-020
 -7.835054762102278E-020 -4.828087799349512E-020   4.92878074183266     
 -1.069335625474578E-014  9.092212358072436E-015  2.877197199592944E-014
  5.059285714257087E-014  -10.7100076052424       6.313323938246711E-015
 -9.400206353826563E-015 -2.969970766658235E-014 -5.011927818603909E-014
   4.59524219776404      -8.221925104845738E-015  1.947370348114523E-014
  0.726458004832739       6.434389176843708E-015  -8.08163565482552     
  4.795964220602322E-015 -1.386562177165473E-014  -1.36118833415749     
   4.59524219776405       0.726458004832738       2.599675654190565E-014
 -9.336879695146173E-015  4.808186678282067E-015  -8.08163565482553     
  -1.36118833415750      -2.506474496698007E-014   5.96278394322716     
 -8.393286066166183E-014 -2.972728907222613E-014 -1.371819324802459E-014
  -1.39033937547063       -11.9916127614921       8.354428260304303E-014
   5.96278394322716      -5.007625062770319E-014  -1.39033937547063     
 -2.498035897686975E-014  8.343326030058051E-014  -11.9916127614921     
   5.87566638080942      -2.965109788963569E-015  1.056451791112751E-014
  3.151739437149069E-014  5.096327761432354E-014   3.90049690985085     
 -2.128115703360144E-015  9.555172423949666E-015   2.10099098500305     
   3.90049690985085        2.10099098500306       2.417722124401740E-014
   6.20127236260266      -8.545941732052142E-014   6.20127236260266     
   2.00256949092216      -2.259652701834653E-002 -2.894038271320503E-022
 -1.588186776101813E-022 -5.293955920339377E-023 -2.852616161415745E-022
  4.235164736271502E-022  1.588186776101813E-022 -3.186762213455641E-002
  4.201283418381330E-019  4.381303916085926E-018 -8.422895627496763E-018
 -7.819808169051701E-018  7.247719163220620E-002 -9.723938234479368E-019
 -9.535880163121669E-018  1.837722682362930E-017  1.751664134921893E-017
  0.802116798073369      -2.061603942018651E-021  1.270549420881451E-021
 -3.176373552203626E-022  3.109190025896148E-021  5.082197683525802E-021
 -4.235164736271502E-022 -0.176055159447985       2.480959502507846E-018
  1.968899418524388E-017 -3.928877622544347E-017 -3.922440172145214E-017
 -0.172830625770713       2.358986758103226E-018  1.904909459459019E-017
 -3.823845537084813E-017 -3.825539602979322E-017   2.00389925592042     
 -3.630484569595710E-015  9.790245504526869E-016 -5.709524952313161E-002
  8.563455238891637E-017 -1.903933325197864E-017 -1.271901344764358E-019
 -7.985449573464466E-021 -1.256975887052201E-019  1.989667984316347E-019
  1.050680932533631E-019  2.282536584862502E-019  1.081282188257187E-020
  2.003830573234645E-019 -3.376882181444414E-019 -1.697557045357358E-019
   2.00310240338647      -3.594347042223944E-015  8.563466977624815E-017
 -8.868521002294777E-002  8.023096076392733E-017  2.689125337187276E-022
  5.558653716356346E-021  5.652189641255724E-021 -1.418780186650953E-020
 -8.999725064576941E-022 -1.819106666878504E-021 -5.611593275559740E-021
  1.780326190017755E-021  2.032879073410321E-020  1.694065894508601E-021
   2.00310240338647      -1.903926278761300E-017  8.023096076392733E-017
 -8.868521002294780E-002 -1.350369533389822E-020  5.558653716356346E-022
 -9.908430361985799E-021  1.593480732022153E-020  8.337980574534519E-021
  2.485320495874878E-020  2.329340604949326E-021  1.029491955573256E-020
 -1.641126335305207E-020 -1.143494478793305E-020  0.124020336832769     
 -2.140549055104011E-016  5.899332080667668E-017 -1.362763698921474E-019
 -1.011291512897633E-020 -1.112440295849403E-019  1.897276398431519E-019
  1.154003816500579E-019  1.825820052010313E-019  1.008517357188146E-020
  1.454049483095268E-019 -2.481127804593318E-019 -1.499561465964772E-019
  0.119014536361676      -2.185751579730777E-016  2.830184825758709E-021
 -5.823351512373315E-021  6.134827880881116E-021 -1.138200522872966E-020
  2.752857078576476E-021 -6.451312400070133E-021 -4.235164736271502E-022
 -6.547221910809810E-021  2.265813133905253E-020  4.049876279059623E-021
  0.119014536361676       4.239801434077499E-020  2.329340604949326E-021
  6.071431646961424E-020 -6.908612476042887E-020 -3.044024654195142E-020
 -4.852493137888760E-020 -1.334076891925523E-020 -6.896646615948032E-020
  8.195043764685356E-020  3.965172984334193E-020   4.92878074183266     
 -1.672189300094286E-014  5.938911480139355E-015  2.740930429330116E-014
  5.273687772999076E-014  -10.7100076052424       1.785046282456285E-014
 -3.363983742764445E-015 -2.714708215490576E-014 -5.413740871208287E-014
   4.59524219776404      -1.300929753609416E-014  2.689441667360061E-014
 -0.726458004832717       1.772983417134589E-014  -8.08163565482552     
  1.366177977968600E-014 -2.768545268302627E-014   1.36118833415748     
   4.59524219776405      -0.726458004832718       3.061678291552684E-014
 -3.427116956210524E-015  1.380632950414652E-014  -8.08163565482552     
   1.36118833415747      -3.371489081093229E-014   5.96278394322716     
 -8.618106228652778E-014 -2.711994141268401E-014 -2.783190344857189E-014
   1.39033937547061       -11.9916127614921       8.729128531115293E-014
   5.96278394322716      -5.418052553538393E-014   1.39033937547061     
 -3.377526378539076E-014  8.734679646238419E-014  -11.9916127614921     
   5.87566638080942      -2.039893037633994E-014  1.441702550915829E-015
  2.757762063358063E-014  5.716571058092079E-014   3.90049690985085     
 -1.577924627825109E-014  3.096853046386261E-014  -2.10099098500304     
   3.90049690985085       -2.10099098500303       3.750362337670494E-014
   6.20127236260266      -9.126033262418787E-014   6.20127236260266     
   1.68061283122030      -9.648055506675532E-002  7.992600877314866E-021
 -4.658681209898652E-021  2.117582368135751E-022  3.824146288470010E-021
  1.958763690525570E-021  2.051407919131509E-021 -0.387724880223509     
  5.381015025449358E-018  4.307150603924752E-017 -8.613372161510573E-017
 -8.611413397820048E-017  5.584119960318956E-002 -7.772056686650240E-019
 -6.217138524129733E-018  1.242856737462155E-017  1.241072674317001E-017
  2.347086229346608E-003  2.572791199407072E-021  3.917527381051139E-021
  2.064642808932357E-021 -4.018017252301404E-023  4.135903062765138E-023
 -1.654361225106055E-023  6.442094535855108E-003 -9.110898138904068E-020
 -7.319546482842334E-019  1.456367273685363E-018  1.445302905811853E-018
 -9.521747891843798E-004  1.330271861107779E-020  1.069526828034931E-019
 -2.135052422672871E-019 -2.124265987485179E-019  0.888087444707835     
 -2.864424816080376E-015  6.223778915972345E-016 -0.104279981380141     
 -1.549195539316522E-018 -1.105823512560439E-017 -3.538709744073031E-021
 -4.052746022858265E-021 -1.432401392634476E-020  7.784512410611771E-017
 -5.183118305590561E-016 -2.034376070452689E-021  2.849516968047534E-022
 -2.002019769803576E-021 -4.863017240694477E-018  3.240061366015062E-017
   1.47286442155901      -2.692290834716005E-015 -1.550240836676762E-018
 -1.474397051562161E-002  1.344410693882025E-017  2.004409500450945E-015
  1.298627504291746E-016  1.442008599621816E-015 -2.482887349495796E-015
  0.483145720197941      -1.252892972565903E-016 -8.117520397676886E-018
 -9.013534874355902E-017  1.550388989621774E-016 -3.020071395208736E-002
   1.47286442155901      -1.105903907370266E-017  1.344410693882025E-017
 -1.474397051562162E-002  1.049390826036176E-015  1.237871088299727E-016
  1.043280723573239E-015  0.483145720197941      -1.404960314720907E-015
 -6.559288139209009E-017 -7.737143047355601E-018 -6.521194687340114E-017
 -3.020071395208734E-002  8.785751307210704E-017  3.113233990267768E-003
 -1.392225962519929E-018  8.830295501635886E-019  1.133532941319208E-020
 -1.347991189730019E-021  6.373852884555701E-021  1.189411475996746E-018
 -8.015593953969879E-018 -6.994443362319701E-022  1.050678641686436E-022
 -5.123208972443599E-022 -3.101476937839882E-020  2.130517682376576E-019
  1.132133337772120E-003 -2.100641709190665E-018  3.097821242996260E-017
  2.007365514596735E-018  2.229006204029975E-017 -3.816911778318149E-017
  7.465158078358088E-003 -8.225682141044215E-019 -5.330786137113301E-020
 -5.919844371071266E-019  1.015766211686542E-018 -1.981366451703161E-004
  1.132133337772121E-003  1.621325025607003E-017  1.915138185019523E-018
  1.611927238961035E-017  7.465158078358085E-003 -2.181772576286601E-017
 -4.302236970508948E-019 -5.096114997332007E-020 -4.277320981296822E-019
 -1.981366451703160E-004  5.792960896668117E-019  0.196425477745454     
 -1.160731714662033E-015  6.893980303260674E-016  1.678438893858847E-015
  3.126583358925901E-015 -3.664667224488968E-002  8.165767540532365E-017
 -4.741875218395087E-017 -1.257722309074392E-016 -2.328343042250170E-016
  0.391192469759623      -9.128492794245950E-016  1.901629729866130E-015
  8.481006986156406E-016  8.165778351072728E-017 -5.495663310557763E-002
  6.282143683587530E-017 -1.342641521122226E-016 -6.029847288657478E-017
  0.391192469759623       2.634304109327112E-016  1.566390609336719E-015
 -4.741982769104894E-017  6.283159195076483E-017 -5.495663310557772E-002
 -2.433391570635454E-017 -1.180889324277155E-016  0.366308000705964     
 -5.214578768786282E-015 -1.257723238038933E-016 -1.342655052662718E-016
 -2.433614390763882E-017 -5.416121842369484E-002  3.851086116668512E-016
  0.366308000705965      -2.328332631583892E-016 -6.029857979477791E-017
 -1.180894252179766E-016  3.851086116668512E-016 -5.416121842369486E-002
  1.823108112237439E-003 -5.964479799827331E-018  3.347257940913086E-018
  9.934377300755278E-018  1.823868271529321E-017  2.002534546608900E-003
 -4.573017359866415E-018  9.849720516298132E-018  4.462630038533818E-018
  2.002534546608903E-003  2.321867207866660E-018  9.364055010768889E-018
  2.100531644345489E-003 -2.992397996059992E-017  2.100531644345491E-003
   1.68061283122030      -9.648055506675532E-002 -1.397950427639701E-020
  4.288104295474895E-021 -3.930762270851988E-021 -1.567356270845935E-021
  1.244079641279754E-021 -8.271806125530277E-022 -0.387724880223509     
  5.378910677971023E-018  4.303473280863833E-017 -8.607607043513324E-017
 -8.608051735810632E-017  5.584119960318956E-002 -7.767292126321934E-019
 -6.222825486591353E-018  1.243634948982445E-017  1.241522660570230E-017
  2.347086229346608E-003  4.831899604438866E-021  1.667596114906904E-021
  4.102815838263017E-022  2.559326399214201E-023  5.624828165360588E-023
  6.493367808541267E-023  6.442094535855107E-003 -8.835612431046420E-020
 -7.000374380066350E-019  1.407239362744613E-018  1.417165530095250E-018
 -9.521747891843798E-004  1.324812469064929E-020  1.057133870712924E-019
 -2.115373795900234E-019 -2.113061826088149E-019  0.888087444707835     
 -2.864438077859055E-015  6.223826283986232E-016 -0.104279981380141     
 -1.548076464896343E-018 -1.105874274013484E-017 -4.914249527219112E-020
 -3.053880806613096E-021 -4.402841577331724E-020 -7.774172036290107E-017
  5.183723516153539E-016  6.556811779227968E-021  9.106047730624838E-023
  4.449776975125018E-021  4.856245950832657E-018 -3.240466317550044E-017
   1.47286442155901      -2.706168622523819E-015 -1.548103503870245E-018
 -1.474397051562161E-002  1.333568672157170E-017 -2.004418124052235E-015
 -1.298630680665299E-016 -1.442017313024222E-015  2.476037605809588E-015
 -0.483145720197941       1.252951892334384E-016  8.117646129129994E-018
  9.013998059607015E-017 -1.548385756701518E-016  3.020071395208735E-002
   1.47286442155901      -1.105541081319966E-017  1.333568672157170E-017
 -1.474397051562162E-002 -1.049377335373212E-015 -1.237840184832042E-016
 -1.043270570821087E-015 -0.483145720197941       1.408977633171057E-015
  6.559566720791427E-017  7.738228308319271E-018  6.521356007851262E-017
  3.020071395208734E-002 -8.821294927259863E-017  3.113233990267768E-003
 -1.392303971278365E-018  8.831607379401513E-019 -3.111850953648536E-020
 -7.606935464875662E-022 -3.010832313638507E-020 -1.151796819547754E-018
  8.034849832149423E-018  1.890546131855615E-021  7.272632675487986E-023
  1.919460976587145E-021  2.865684151862680E-020 -2.142492710531864E-019
  1.132133337772120E-003 -2.059984127722458E-018 -3.097467306840470E-017
 -2.006832810282251E-018 -2.228474174428548E-017  3.827890119407953E-017
 -7.465158078358088E-003  8.224581339110110E-019  5.329276532495391E-020
  5.917526051103397E-019 -1.011483070474743E-018  1.981366451703161E-004
  1.132133337772121E-003 -1.620898803667818E-017 -1.913619481414875E-018
 -1.611616608596481E-017 -7.465158078358087E-003  2.185342026065890E-017
  4.299370692339062E-019  5.084513789240951E-020  4.274855687380391E-019
  1.981366451703160E-004 -5.783295291210434E-019  0.196425477745454     
 -1.160741240207121E-015  6.894247003798778E-016  1.678434025766910E-015
  3.126597595423342E-015 -3.664667224488968E-002  8.165810856036313E-017
 -4.741834682493700E-017 -1.257672819932508E-016 -2.328327052459514E-016
  0.391192469759623      -9.001137935127476E-016  1.901648174768478E-015
  8.481109147083951E-016  8.165907088014017E-017 -5.495663310557764E-002
  6.218020206660826E-017 -1.342688903574866E-016 -6.029925618607171E-017
  0.391192469759623       2.634340541482339E-016  1.566405139471626E-015
 -4.741279171396738E-017  6.246776540039088E-017 -5.495663310557773E-002
 -2.434155243123227E-017 -1.180935718650098E-016  0.366308000705964     
 -5.224987109642143E-015 -1.257772348790356E-016 -1.342683276065219E-016
 -2.434276139364404E-017 -5.416121842369483E-002  3.851086116668512E-016
  0.366308000705965      -2.328370219490370E-016 -6.029900496561276E-017
 -1.180932791799824E-016  3.851086116668512E-016 -5.416121842369487E-002
  1.823108112237438E-003 -5.964542270787683E-018  3.346724084874819E-018
  9.934142183300595E-018  1.823861222787858E-017  2.002534546608901E-003
 -4.562792792009240E-018  9.850117331745758E-018  4.462659230598637E-018
  2.002534546608902E-003  2.322749917894212E-018  9.364632033791686E-018
  2.100531644345489E-003 -2.995108501491206E-017  2.100531644345491E-003
