   2.00008028363536       6.140766029682439E-003 -2.444990112468953E-023
  4.336235867367825E-024 -9.370405376577267E-025  4.739771303495005E-023
 -1.654361225106055E-023  9.926167350636332E-024 -6.964590003548068E-002
  3.039154214748430E-018  1.622909468388276E-017 -2.875846262517801E-017
 -2.108773225484306E-017  0.129502866646022      -5.007658784167424E-018
 -2.824160323883270E-017  5.117434254131581E-017  3.794707603699266E-017
   1.03650826632036       6.521070253726723E-023 -1.124965633072118E-022
  2.316105715148477E-023  5.919064714416121E-023 -1.124965633072118E-022
 -3.308722450212111E-023 -0.229603846912082       1.214306433183765E-017
 -1.033055038998501E-016  1.606787619623518E-016  6.960577947356938E-017
  0.452476614139292      -1.034328872551171E-016 -2.170058027026039E-016
  3.400058012914542E-016  1.713039432527097E-016   2.00214751816899     
 -3.630305599558283E-015  9.786587816314310E-016 -9.171460227048539E-003
  3.461050570894848E-017 -5.596835823067395E-018 -2.428065653960155E-021
  4.789570961527960E-022 -9.616359581571207E-022  2.995425343941944E-021
  1.923959540867467E-021  4.223109221875268E-021 -8.808080002692056E-022
  1.729729980066448E-021 -5.375356581658965E-021 -3.410100608328697E-021
   2.00274470898061      -3.608224830031759E-015  3.455701707674278E-017
 -3.377636041134192E-002  3.117081245895825E-017 -1.664729985552675E-022
 -5.161607022330893E-022 -5.966517963258160E-022  2.484436969803019E-021
 -2.826372755517126E-022  2.636629548698297E-022  1.363193649487390E-021
  5.291531539084522E-022 -3.728439062900345E-021  5.371633349736935E-022
   2.00274470898061      -5.551695023006917E-018  3.122502256758253E-017
 -3.377636041134193E-002  5.061083668570162E-022  3.110199103199384E-022
  1.581941259036673E-022 -1.849265656938862E-022 -9.486727650217536E-023
 -1.129726210936349E-021 -1.257314531080602E-021  1.189740364906251E-022
  1.515679225532712E-022 -9.809845076996063E-023  0.259250454755655     
 -2.864572961609629E-016  1.009538140615039E-016  2.311750715427262E-021
  2.091170538898129E-022  3.178149338588769E-021 -4.930986181313360E-021
 -3.264567023478305E-021 -5.547341488802150E-021 -4.766680419766917E-022
 -6.697355244981423E-021  9.476310109024202E-021  6.234983494214155E-021
  0.172480099602809      -3.157196726277789E-016  2.246801200294262E-021
  7.676236084492097E-022  2.243228622836393E-021 -5.537147020429967E-021
 -5.790264287871194E-022 -3.727319002008192E-021 -6.617444900424221E-022
 -3.274147728220775E-021  9.547318630087045E-021  1.120002549396799E-021
  0.172480099602809       1.050988705880928E-021 -5.691002614364830E-022
  2.698095191032599E-021 -2.476578753983765E-021 -1.994332456865350E-021
 -1.654665373732298E-021  8.867376166568457E-022 -4.283424904804471E-021
  4.331944867940206E-021  3.648486886818267E-021   3.56633563060397     
 -6.588434662060918E-015  8.574422783468589E-015  1.753035083926736E-014
  3.140713961745274E-014  -5.85220344828990       2.927070280270181E-015
 -9.665161003862620E-015 -1.370968877044785E-014 -2.467232329920589E-014
   3.49115668089733      -5.185171719306588E-015  1.278766272137088E-014
  0.878042484671613       3.064851810261149E-015  -6.24639887063379     
  2.345435835872124E-015 -7.978319507408673E-015  -1.45126060302358     
   3.49115668089733       0.878042484671610       1.442512066719643E-014
 -9.608181166721343E-015  2.245037483544982E-015  -6.24639887063380     
  -1.45126060302357      -9.461546007260276E-015   3.79857747831008     
 -5.317968287954500E-014 -1.365299112061247E-014 -7.785438960183910E-015
  -1.48234739886122       -6.26191779150661       4.320155344572640E-014
   3.79857747831008      -2.454419723301881E-014  -1.48234739886122     
 -9.339878362651743E-015  4.306277556764826E-014  -6.26191779150661     
   2.57491186190744      -9.897839748332847E-016  1.064959357871930E-014
  1.212245637225694E-014  2.171149336912526E-014   3.05946859476748     
 -8.062673556672955E-016  5.287398860185271E-015   1.90438800963119     
   3.05946859476749        1.90438800963118       6.799603152738812E-015
   2.87651751606231      -3.902433931557425E-014   2.87651751606232     
   2.00008028363536       6.140766029682439E-003 -2.560265336566919E-023
  1.654361225106055E-024  1.654361225106055E-024  4.891400208111973E-023
 -2.646977960169689E-023  1.571643163850753E-023 -6.964590003548068E-002
  2.995108501491206E-018  1.895765817634868E-017 -3.312237636943216E-017
 -2.387955284899324E-017  0.129502866646022      -4.912791094074942E-018
 -3.013957684745441E-017  5.429142378721163E-017  3.960048435003305E-017
   1.03650826632036       2.095751940397486E-022 -7.940933880509066E-023
 -1.323488980084844E-023  6.106270661294022E-024 -2.051407919131509E-022
 -1.654361225106055E-023 -0.229603846912082       2.276824562219559E-018
  2.699692346149906E-016 -4.496182174132651E-016 -2.585491838528499E-016
  0.452476614139292      -8.727827488508311E-017 -7.132855137772286E-016
  1.095477875079354E-015  5.802650027142420E-016   2.00214751816899     
 -3.630293312929771E-015  9.786461390494573E-016 -9.171460227048536E-003
  3.480105054948258E-017 -5.755385515078028E-018 -1.222103532573419E-021
 -5.367138263681021E-022 -7.660289849292902E-022  1.363761772714635E-021
  9.100368044273715E-022  2.009742287982656E-021  1.021973950244671E-021
  1.179877420629140E-021 -2.276154800607176E-021 -1.614880888089357E-021
   2.00274470898061      -3.608224830031759E-015  3.486034333103495E-017
 -3.377636041134192E-002  3.117081245895825E-017 -2.103539179826063E-022
  4.102815838263017E-022  6.217601245793945E-022 -1.409515763790359E-021
  3.441071348220595E-022  1.784929288918534E-022 -6.088049308390284E-022
 -3.217769113272638E-022  1.548482106699268E-021 -9.727644003623605E-022
   2.00274470898061      -5.819638657540136E-018  3.117081245895825E-017
 -3.377636041134194E-002  6.259952713147666E-022 -3.771943593241806E-022
  1.970338264274136E-021 -2.187065539590205E-021 -1.636163251629889E-021
 -9.681699108960672E-022  9.529120656610879E-022 -3.292832422753384E-021
  4.089580948462169E-021  2.342575494750174E-021  0.259250454755655     
 -2.804850732078381E-016  9.954767773220017E-017  3.048557202479661E-022
  4.502500728212094E-023  9.497889394825100E-022 -1.719076688889475E-021
 -1.451257367747790E-021  3.456436291837191E-022  1.455178995995739E-023
 -8.994537690940129E-022  1.422181358200009E-021  1.277818026864664E-021
  0.172480099602809      -3.139849491518021E-016 -1.076923087325071E-022
 -6.352747104407253E-022 -1.131526186271207E-021  3.930762270851988E-021
  7.940933880509066E-023  5.408566894707784E-022  7.411538288475128E-022
  8.650674735323313E-022 -5.849821291975012E-021 -6.617444900424221E-023
  0.172480099602809      -2.971951494952301E-021  2.646977960169689E-022
 -3.980798622357054E-021  5.836586402174163E-021  3.050642099095566E-021
  4.665993888616992E-021 -5.823351512373315E-022  6.925020048470100E-021
 -9.820288232229545E-021 -4.976318565119014E-021   3.56633563060398     
 -1.385170437468410E-014  4.755310576211769E-015  1.582580982678527E-014
  3.393877973357218E-014  -5.85220344828990       1.527807832319499E-014
 -2.807517148531604E-015 -1.180587451434337E-014 -2.934623601893508E-014
   3.49115668089733      -1.077246671572393E-014  2.169898928925002E-014
 -0.878042484671597       1.514081525199039E-014  -6.24639887063379     
  1.176525733442453E-014 -2.282255232786653E-014   1.45126060302357     
   3.49115668089733      -0.878042484671601       2.001578349108470E-014
 -2.887144263939454E-015  1.190652118092933E-014  -6.24639887063379     
   1.45126060302357      -1.869537356062587E-014   3.79857747831008     
 -5.573319583618286E-014 -1.170346226841022E-014 -2.298855550364465E-014
   1.48234739886122       -6.26191779150661       4.726774527341604E-014
   3.79857747831008      -2.937238269767154E-014   1.48234739886121     
 -1.881092856965279E-014  4.729550084903167E-014  -6.26191779150661     
   2.57491186190744      -1.690169590670674E-014  1.649843406307036E-015
  1.021661724533831E-014  2.814523586622214E-014   3.05946859476748     
 -1.332203225441181E-014  2.489667656724810E-014  -1.90438800963118     
   3.05946859476748       -1.90438800963118       1.905984031083101E-014
   2.87651751606231      -4.463096558993129E-014   2.87651751606231     
   1.77188720369589      -7.686867272780770E-002 -1.900639480646019E-017
  8.673617379884035E-018 -6.288372600415926E-018  1.858718252305236E-019
 -1.016439536705160E-019  4.235164736271502E-020 -7.830148168358073E-002
 -2.324936033623604E-017 -1.045331562366926E-016  1.726049858596923E-016
  6.245004513516506E-017  1.039715786270040E-002  2.865512460561298E-018
  1.314433518949722E-017 -2.130457268934016E-017 -6.857578740970816E-018
  1.620896592749293E-003 -1.248226435973159E-018  6.776263578034403E-019
 -3.388131789017201E-019  3.354078398406983E-020 -1.778769189234031E-020
  1.355252715606881E-020 -1.784278481252293E-003  7.890111903673808E-019
  4.483533375812277E-018 -6.708500942254059E-018 -3.472835083742631E-018
  9.508391706336035E-005 -9.597942083575291E-020 -5.069890440551213E-019
  7.826584432629735E-019  3.612595520039591E-019   1.29439830498722     
 -2.598849970410907E-015  6.706232661285478E-016 -9.182628093665163E-002
  9.081658833651800E-017 -2.418966685565427E-017  6.490993749073313E-017
 -1.521951847536083E-018  5.791060981551658E-017 -2.960545782824997E-017
 -4.789595987086093E-016 -3.260878701075949E-018  3.085030376303274E-020
 -3.159993644283730E-018  3.002033532376262E-019  3.494928767689115E-017
   1.41284121934833      -2.581268532253489E-015  9.080506288302020E-017
 -9.890634613863480E-002  8.803721640582296E-017  1.654936641172280E-015
  1.077425908907470E-016  1.190754393446155E-015 -2.035264318189789E-015
  0.399302206639245      -1.240383320726344E-016 -8.060365526071922E-018
 -8.917515421934333E-017  1.531266162046324E-016 -3.001277271224968E-002
   1.41284121934833      -2.416187652111442E-017  8.803721640582296E-017
 -9.890634613863482E-002  8.617163279780260E-016  1.019963193765738E-016
  8.577639571093990E-016  0.399302206639245      -1.165300494987420E-015
 -6.525127315737260E-017 -7.575862680242462E-018 -6.486500383692008E-017
 -3.001277271224968E-002  8.780343531238077E-017  2.147692223276459E-003
 -4.084223520949425E-018  1.134822963548426E-018  2.847420797641151E-018
 -1.517428904708770E-020  2.008364698270700E-018 -4.601708391606538E-018
  7.119536794960794E-018 -2.686591321584000E-019  4.634304118026256E-021
 -1.927722406180935E-019  4.240990592746152E-019 -6.143246820696665E-019
  2.235996873305116E-003 -4.119968255444917E-018 -3.398216207156087E-017
 -2.079465885509307E-018 -2.417160903615664E-017  4.117257750013703E-017
 -8.310054052351658E-003  2.978037338670122E-018  1.779827980418099E-019
  2.107549429333691E-018 -3.600313542304404E-018  7.293408467910490E-004
  2.235996873305118E-003 -1.884569677611978E-017 -1.946481712790382E-018
 -1.870286884882045E-017 -8.310054052351652E-003  2.434457393703585E-017
  1.672569284328839E-018  1.664949136946734E-019  1.660471055339172E-018
  7.293408467910483E-004 -2.136005334738532E-018  0.182486609310697     
 -5.589145148427970E-016  3.767011070467955E-016  8.025114906489958E-016
  1.922256499728758E-015 -3.219038599948433E-002  4.857825452772255E-017
 -3.101808135965445E-017 -6.695220551294922E-017 -1.625108979534021E-016
  0.189327782607979      -4.492632975618828E-016  9.714431720296753E-016
  4.640888380410097E-016  4.850351254406419E-017 -3.267350624516991E-002
  3.900612024908011E-017 -8.374245452300386E-017 -4.004955935735098E-017
  0.189327782607979       3.542406916121369E-016  1.129707929122396E-015
 -3.114928116765352E-017  3.873605649901671E-017 -3.267350624516993E-002
 -2.985736683625964E-017 -9.582079677042048E-017  0.225321091002250     
 -3.289903072190015E-015 -6.715903049549467E-017 -8.376689980224040E-017
 -2.987511805503764E-017 -3.810538832763372E-002  2.785315381115261E-016
  0.225321091002250      -1.623132787706546E-016 -4.003268291136956E-017
 -9.583002749646988E-017  2.777183864821620E-016 -3.810538832763372E-002
  1.443875400706626E-003 -4.487237858807645E-018  2.725343946297113E-018
  6.104615387187255E-018  1.443374837788971E-017  1.500634458837832E-003
 -3.556424067906548E-018  7.661737660599020E-018  3.648016643713579E-018
  1.500634458837833E-003  2.516715969291402E-018  8.418698462572784E-018
  1.680844293626075E-003 -2.453685041606257E-017  1.680844293626076E-003
   1.77188720369589      -7.686867272780770E-002  1.900659877827461E-017
 -1.040834085586084E-017  4.336808689942018E-018 -1.850523993160950E-019
  8.809142651444724E-020 -3.049318610115481E-020 -7.830148168358073E-002
 -2.366948867807417E-017 -1.046145363445975E-016  1.671839749972648E-016
  6.310056643865636E-017  1.039715786270040E-002  2.867206526455807E-018
  1.315789231783255E-017 -2.024747557116680E-017 -6.694948415097990E-018
  1.620896592749293E-003  1.246516582287159E-018 -6.234162491791650E-019
  2.303929616531697E-019 -3.343110231089456E-020  1.736417541871316E-020
 -7.199780051661553E-021 -1.784278481252293E-003  7.758821796849391E-019
  4.482691290573581E-018 -6.844026213814747E-018 -3.405072447962287E-018
  9.508391706336035E-005 -9.290892640195607E-020 -5.064603966984463E-019
  7.932463551036523E-019  3.625301014248405E-019   1.29439830498721     
 -2.598849872998684E-015  6.701893559996497E-016 -9.182628093665161E-002
  9.083694826782294E-017 -2.421001828224239E-017 -6.501784157478411E-017
  1.535381993565303E-018 -5.950972987383323E-017  2.963421020799386E-017
  4.792628146202861E-016  3.260723747526995E-018 -5.119142143188968E-020
  3.207396804193064E-018 -3.107859181219333E-019 -3.495288321348161E-017
   1.41284121934833      -2.595146320061303E-015  9.081185662480268E-017
 -9.890634613863480E-002  8.673617379884035E-017 -1.654502749885043E-015
 -1.078239060536834E-016 -1.190429228633875E-015  2.038516924707245E-015
 -0.399302206639245       1.240347816005880E-016  8.040036735337819E-018
  8.918873361842720E-017 -1.531164518092654E-016  3.001277271224967E-002
   1.41284121934833      -2.416525456185739E-017  8.847089727481716E-017
 -9.890634613863483E-002 -8.614993660584999E-016 -1.023080275011634E-016
 -8.576826972794041E-016 -0.399302206639245       1.164216292814935E-015
  6.524355613365602E-017  7.552145757719342E-018  6.485993715375129E-017
  3.001277271224968E-002 -8.748156279242414E-017  2.147692223276459E-003
 -4.083377646941098E-018  1.134401966977685E-018 -2.846487298083252E-018
 -2.546271551098796E-020 -2.048932853550369E-018  4.605915107902092E-018
 -7.122091559798426E-018  2.689260755614324E-019 -4.848809468160167E-021
  1.885293971232870E-019 -4.232496771402266E-019  6.141665789563733E-019
  2.235996873305116E-003 -4.119968255444917E-018  3.400917245679213E-017
  2.074383687825782E-018  2.415636435299255E-017 -4.125389266307344E-017
  8.310054052351657E-003 -2.975480291844366E-018 -1.779827980418099E-019
 -2.107762315890304E-018  3.590572663410979E-018 -7.293408467910489E-004
  2.235996873305118E-003  1.881176080101028E-017  1.958340174051942E-018
  1.870202291854667E-017  8.310054052351655E-003 -2.444367679186460E-017
 -1.668748428493343E-018 -1.655949411882157E-019 -1.661001102366946E-018
 -7.293408467910484E-004  2.128593796450057E-018  0.182486609310697     
 -5.591854085334552E-016  3.758878832918942E-016  8.012105048164127E-016
  1.921931333958134E-015 -3.219038599948432E-002  4.852749478257665E-017
 -3.095709579606671E-017 -6.719611406843998E-017 -1.626599321598626E-016
  0.189327782607979      -4.439507264316235E-016  9.711179235577446E-016
  4.640075379764980E-016  4.848993404312824E-017 -3.267350624516990E-002
  3.922297220945125E-017 -8.372212202797038E-017 -4.005972043676933E-017
  0.189327782607979       3.542137399157923E-016  1.129680920125432E-015
 -3.115610421697391E-017  3.931211049486694E-017 -3.267350624516993E-002
 -2.986413395230809E-017 -9.581399943787689E-017  0.225321091002250     
 -3.276025284382200E-015 -6.672540182486299E-017 -8.374995914329532E-017
 -2.987131940827044E-017 -3.810538832763371E-002  2.780978572425319E-016
  0.225321091002250      -1.623674587425402E-016 -4.003014181252779E-017
 -9.583001999005297E-017  2.779352269166591E-016 -3.810538832763373E-002
  1.443875400706626E-003 -4.486391561374267E-018  2.729574392927649E-018
  6.143578350269833E-018  1.440494015278349E-017  1.500634458837832E-003
 -3.556425993082087E-018  7.660466975365126E-018  3.646956765095044E-018
  1.500634458837833E-003  2.516716980094433E-018  8.419748416893143E-018
  1.680844293626075E-003 -2.448941657101633E-017  1.680844293626077E-003
